Epoch,Loss,IOU_Train,IOU_Val,Time
0,0.380115,0.5210,0.5484,87.12
1,0.337331,0.5526,0.5196,85.95
2,0.320064,0.5629,0.5554,86.29
3,0.308140,0.5675,0.4447,86.15
4,0.298461,0.5749,0.5294,84.81
5,0.290878,0.5783,0.4030,80.65
6,0.283561,0.5814,0.5530,81.22
7,0.276537,0.5849,0.5244,81.78
8,0.272165,0.5875,0.5219,82.30
9,0.266525,0.5889,0.5490,81.21
10,0.262119,0.5930,0.5420,81.34
11,0.259678,0.5951,0.5389,80.86
12,0.253059,0.5983,0.4715,82.17
13,0.252254,0.5983,0.5285,81.45
14,0.249324,0.5999,0.4837,81.48
15,0.246850,0.6020,0.4982,81.49
16,0.244153,0.6051,0.4916,80.79
17,0.241310,0.6065,0.5443,82.05
18,0.237900,0.6082,0.5565,80.71
19,0.238013,0.6072,0.5217,81.10
20,0.234872,0.6091,0.5551,80.85
21,0.232884,0.6106,0.5056,80.55
22,0.232495,0.6107,0.5028,81.11
23,0.228604,0.6134,0.5522,81.03
24,0.228268,0.6141,0.5040,81.63
25,0.225009,0.6171,0.5264,81.26
26,0.224727,0.6171,0.5404,81.37
27,0.222625,0.6199,0.5507,83.15
28,0.222486,0.6191,0.4669,80.96
29,0.221551,0.6198,0.5259,81.04
30,0.218611,0.6207,0.4580,81.36
31,0.219338,0.6218,0.5312,80.57
32,0.215724,0.6234,0.5053,81.13
33,0.216042,0.6241,0.4727,81.01
34,0.214348,0.6251,0.5587,81.10
35,0.212287,0.6263,0.5293,81.18
36,0.211930,0.6266,0.5280,80.71
37,0.213191,0.6265,0.5387,81.41
38,0.211329,0.6287,0.4261,82.27
39,0.209710,0.6283,0.5584,81.15
40,0.207862,0.6296,0.5328,81.61
41,0.208595,0.6299,0.4867,81.55
42,0.208354,0.6299,0.5324,81.88
43,0.205871,0.6315,0.5475,81.35
44,0.206204,0.6306,0.5040,81.11
45,0.203796,0.6332,0.4843,80.49
46,0.203487,0.6332,0.5234,80.52
47,0.202714,0.6345,0.4461,80.46
48,0.202184,0.6350,0.5552,81.27
49,0.202357,0.6339,0.5441,80.93
50,0.201187,0.6353,0.3905,80.72
51,0.199748,0.6351,0.5355,81.55
52,0.200753,0.6360,0.4953,81.38
53,0.199332,0.6361,0.5170,81.23
54,0.198629,0.6381,0.4741,81.45
55,0.196903,0.6384,0.4915,81.35
56,0.197376,0.6386,0.5511,81.26
57,0.197069,0.6391,0.5575,80.46
58,0.194562,0.6406,0.4668,81.06
59,0.195282,0.6398,0.5120,81.48
60,0.195700,0.6413,0.5074,81.67
61,0.194643,0.6417,0.3249,80.97
62,0.193079,0.6416,0.5370,81.32
63,0.193670,0.6422,0.4650,81.47
64,0.192714,0.6429,0.5355,80.49
65,0.191527,0.6438,0.5323,80.97
66,0.191560,0.6434,0.5299,81.49
67,0.190429,0.6443,0.5186,81.85
68,0.187970,0.6457,0.5141,80.71
69,0.191132,0.6431,0.5531,80.54
70,0.188849,0.6458,0.5287,80.76
71,0.188575,0.6460,0.5212,80.48
72,0.187274,0.6472,0.5496,80.53
73,0.188507,0.6463,0.5263,80.52
74,0.187088,0.6478,0.5395,80.38
75,0.186991,0.6477,0.4940,80.58
76,0.185798,0.6482,0.4685,80.44
77,0.186871,0.6470,0.5608,81.02
78,0.185228,0.6492,0.3993,81.04
79,0.185768,0.6490,0.4735,80.77
80,0.185637,0.6494,0.4245,81.41
81,0.183468,0.6509,0.5514,81.32
82,0.184841,0.6502,0.3886,82.41
83,0.184435,0.6503,0.4871,80.55
84,0.182608,0.6517,0.5126,81.36
85,0.182372,0.6516,0.5463,81.57
86,0.182735,0.6521,0.5576,81.26
87,0.183259,0.6514,0.4659,80.77
88,0.181326,0.6528,0.4662,80.73
89,0.181099,0.6534,0.5067,80.45
90,0.181382,0.6531,0.4343,81.50
91,0.180277,0.6547,0.5416,81.45
92,0.181352,0.6533,0.3893,80.96
93,0.181956,0.6525,0.5169,82.69
94,0.181140,0.6536,0.5068,81.39
95,0.179771,0.6545,0.5358,80.59
96,0.179461,0.6545,0.5342,81.18
97,0.177578,0.6562,0.5273,81.35
98,0.178061,0.6556,0.5197,81.65
99,0.177803,0.6567,0.5304,81.19
100,0.177726,0.6566,0.5157,82.18
101,0.179639,0.6538,0.4868,81.44
102,0.175482,0.6587,0.4753,81.81
103,0.178297,0.6552,0.4405,81.70
104,0.178068,0.6570,0.4157,81.76
105,0.177606,0.6566,0.5611,81.33
106,0.175257,0.6590,0.5433,81.14
107,0.175790,0.6583,0.4766,80.52
108,0.175831,0.6581,0.4182,81.18
109,0.175514,0.6580,0.5558,81.99
110,0.175750,0.6584,0.5175,81.76
111,0.175744,0.6582,0.4338,81.57
112,0.173636,0.6605,0.5109,80.69
113,0.175395,0.6584,0.4946,81.54
114,0.174910,0.6588,0.4684,81.05
115,0.171805,0.6624,0.5553,81.09
116,0.174355,0.6595,0.5041,81.25
117,0.174162,0.6601,0.4594,81.31
118,0.173653,0.6602,0.5144,81.82
119,0.173622,0.6599,0.3856,81.76
120,0.173772,0.6594,0.3848,81.35
121,0.171194,0.6637,0.4882,81.03
122,0.172540,0.6614,0.5348,81.31
123,0.172861,0.6613,0.4731,80.76
124,0.172157,0.6621,0.4803,81.51
125,0.172530,0.6613,0.5431,81.12
126,0.171816,0.6622,0.5454,81.76
127,0.170608,0.6629,0.5075,82.16
128,0.170408,0.6629,0.5531,81.10
129,0.171580,0.6630,0.5335,81.60
130,0.170617,0.6628,0.4812,80.73
131,0.171099,0.6625,0.5554,80.76
132,0.169821,0.6635,0.5108,81.14
133,0.170756,0.6633,0.5298,81.39
134,0.170070,0.6634,0.5338,81.00
135,0.169726,0.6641,0.5320,81.51
136,0.170086,0.6641,0.5593,81.43
137,0.169785,0.6635,0.5507,81.28
138,0.170286,0.6633,0.5610,81.95
139,0.168124,0.6662,0.5531,81.16
140,0.168957,0.6657,0.5418,81.95
141,0.167448,0.6663,0.4882,81.01
142,0.168240,0.6654,0.5148,81.87
143,0.169548,0.6654,0.5566,80.67
144,0.168695,0.6650,0.5223,82.46
145,0.167113,0.6670,0.5514,81.57
146,0.169180,0.6649,0.5408,81.26
147,0.166891,0.6667,0.5418,82.47
148,0.167233,0.6673,0.5309,80.87
149,0.169887,0.6649,0.4553,81.23
150,0.167343,0.6658,0.5582,81.57
151,0.167479,0.6675,0.5391,81.03
152,0.167168,0.6671,0.5283,80.95
153,0.166918,0.6672,0.5202,81.46
154,0.165724,0.6679,0.5161,81.56
155,0.165321,0.6688,0.5340,81.17
156,0.166058,0.6686,0.5613,81.23
157,0.166342,0.6673,0.5421,81.32
158,0.166672,0.6675,0.5095,80.75
159,0.166400,0.6678,0.4818,81.39
160,0.166722,0.6671,0.5063,82.68
161,0.164799,0.6692,0.5315,80.88
162,0.166653,0.6667,0.3951,81.28
163,0.165471,0.6684,0.5547,82.79
164,0.164890,0.6694,0.5427,81.41
165,0.165502,0.6687,0.5586,81.55
166,0.164555,0.6691,0.5269,80.67
167,0.164029,0.6696,0.5500,81.73
168,0.165691,0.6688,0.5596,81.66
169,0.165507,0.6685,0.4715,81.02
170,0.165034,0.6686,0.4736,81.88
171,0.164215,0.6709,0.5538,83.40
172,0.165366,0.6684,0.4452,80.85
173,0.164148,0.6692,0.5532,81.90
174,0.164095,0.6706,0.5587,81.51
175,0.165407,0.6686,0.5035,81.10
176,0.163956,0.6704,0.5513,81.01
177,0.162865,0.6711,0.4965,80.94
178,0.164934,0.6692,0.4780,81.37
179,0.163246,0.6714,0.5084,81.24
180,0.164648,0.6699,0.5550,80.68
181,0.163401,0.6705,0.5593,82.12
182,0.163152,0.6712,0.5562,81.19
183,0.163142,0.6705,0.5317,82.10
184,0.162835,0.6716,0.5574,81.51
185,0.163330,0.6700,0.4596,82.94
186,0.161629,0.6726,0.5575,81.37
187,0.162746,0.6714,0.4977,81.86
188,0.162215,0.6717,0.5444,81.31
189,0.162605,0.6715,0.4707,81.66
190,0.162014,0.6721,0.5594,81.25
191,0.162993,0.6712,0.5562,81.16
192,0.161550,0.6718,0.5337,81.32
193,0.162328,0.6715,0.5020,81.48
194,0.161845,0.6722,0.3740,81.89
195,0.162102,0.6719,0.5029,80.59
196,0.162038,0.6718,0.5537,80.79
197,0.161707,0.6722,0.5386,81.49
198,0.160589,0.6730,0.4916,81.81
199,0.161762,0.6718,0.5196,81.49
200,0.160966,0.6735,0.4250,81.40
201,0.160515,0.6733,0.4828,81.15
202,0.161712,0.6726,0.4806,81.78
203,0.161470,0.6726,0.5560,82.21
204,0.160016,0.6734,0.5042,81.79
205,0.160862,0.6730,0.5435,81.94
206,0.161122,0.6726,0.4098,80.64
207,0.160447,0.6738,0.5549,81.56
208,0.159937,0.6745,0.5559,81.24
209,0.160524,0.6747,0.5447,80.93
210,0.160764,0.6736,0.4409,81.26
211,0.160791,0.6737,0.5552,81.17
212,0.159909,0.6740,0.5042,81.32
213,0.159592,0.6741,0.4129,81.51
214,0.160047,0.6747,0.5000,81.47
215,0.160384,0.6731,0.5285,82.17
216,0.159871,0.6743,0.4739,81.57
217,0.160370,0.6740,0.5523,80.47
218,0.160536,0.6745,0.5507,80.59
219,0.159240,0.6744,0.5387,81.92
220,0.159089,0.6749,0.4206,81.47
221,0.160299,0.6739,0.5056,80.83
222,0.159615,0.6745,0.5607,81.14
223,0.158752,0.6758,0.5471,81.58
224,0.160403,0.6732,0.5612,81.30
225,0.158398,0.6763,0.5597,81.09
226,0.160209,0.6740,0.5064,80.66
227,0.158619,0.6759,0.4583,81.57
228,0.159184,0.6754,0.5317,83.23
229,0.160119,0.6741,0.5071,82.08
230,0.159609,0.6744,0.5014,82.24
231,0.159192,0.6746,0.5554,81.83
232,0.158900,0.6759,0.4627,80.74
233,0.158867,0.6763,0.4970,80.58
234,0.158574,0.6764,0.5477,81.25
235,0.158759,0.6759,0.5538,81.25
236,0.157356,0.6772,0.5504,81.37
237,0.158955,0.6758,0.5324,81.05
238,0.158529,0.6761,0.5113,80.67
239,0.157931,0.6768,0.5157,81.21
240,0.158654,0.6760,0.5432,81.40
241,0.157956,0.6761,0.5596,81.62
242,0.158306,0.6770,0.3405,81.19
243,0.157774,0.6767,0.3614,81.07
244,0.157737,0.6772,0.3536,81.18
245,0.157907,0.6767,0.4786,81.24
246,0.158106,0.6763,0.5317,82.31
247,0.157944,0.6771,0.5601,81.29
248,0.158138,0.6761,0.5075,81.52
249,0.156132,0.6780,0.5298,81.81
250,0.156079,0.6786,0.4676,81.20
251,0.157289,0.6775,0.4573,81.25
252,0.157370,0.6768,0.5318,81.38
253,0.158033,0.6765,0.5471,80.91
254,0.156716,0.6779,0.5306,81.62
255,0.156007,0.6784,0.5010,81.29
256,0.156933,0.6782,0.5289,81.17
257,0.157425,0.6769,0.3886,81.09
258,0.156495,0.6783,0.5235,81.52
259,0.158549,0.6755,0.5526,81.46
260,0.157320,0.6773,0.5600,81.94
261,0.155793,0.6791,0.5165,80.85
262,0.156619,0.6782,0.4959,81.49
263,0.157068,0.6777,0.5520,81.17
264,0.158791,0.6763,0.4914,81.62
265,0.156217,0.6780,0.5231,81.84
266,0.155611,0.6793,0.5233,81.15
267,0.155872,0.6782,0.5574,80.77
268,0.155733,0.6793,0.5611,80.59
269,0.156050,0.6785,0.4998,81.83
270,0.157048,0.6774,0.5576,82.61
271,0.154852,0.6793,0.5333,81.40
272,0.156678,0.6787,0.5349,81.33
273,0.155906,0.6790,0.3960,81.10
274,0.156189,0.6789,0.4202,81.37
275,0.154532,0.6804,0.5333,82.15
276,0.155910,0.6784,0.5501,81.18
277,0.156520,0.6786,0.5620,80.66
278,0.156356,0.6794,0.5204,80.91
279,0.155538,0.6792,0.5294,81.08
280,0.154436,0.6802,0.5478,80.50
281,0.155915,0.6789,0.4680,81.07
282,0.155893,0.6796,0.5222,81.52
283,0.155982,0.6793,0.5327,81.95
284,0.155610,0.6789,0.5200,81.16
285,0.155164,0.6797,0.5222,81.38
286,0.155363,0.6794,0.5391,81.06
287,0.155464,0.6790,0.5305,81.68
288,0.155295,0.6793,0.5387,81.12
289,0.155223,0.6795,0.5274,80.82
290,0.156648,0.6783,0.5447,81.06
291,0.155043,0.6799,0.5185,80.69
292,0.155456,0.6790,0.5162,80.58
293,0.155393,0.6787,0.5536,80.50
294,0.156821,0.6781,0.5229,80.96
295,0.154861,0.6800,0.4927,81.65
296,0.153904,0.6808,0.5287,81.40
297,0.155538,0.6803,0.5381,80.53
298,0.154642,0.6802,0.5118,80.99
299,0.153735,0.6817,0.5326,81.19
300,0.155002,0.6796,0.3541,82.28
301,0.155591,0.6795,0.5337,80.87
302,0.154413,0.6802,0.5518,80.51
303,0.154384,0.6807,0.5492,80.74
304,0.154842,0.6803,0.5638,80.67
305,0.153838,0.6804,0.5560,81.05
306,0.154697,0.6803,0.5536,81.39
307,0.154881,0.6802,0.5404,80.46
308,0.154589,0.6802,0.4225,80.60
309,0.154544,0.6804,0.4687,81.45
310,0.155148,0.6799,0.5517,81.17
311,0.154572,0.6807,0.5174,80.93
312,0.153243,0.6815,0.5631,81.31
313,0.155090,0.6797,0.5594,80.55
314,0.155258,0.6794,0.5316,80.71
315,0.154595,0.6807,0.5463,81.42
316,0.154790,0.6802,0.5450,81.10
317,0.152817,0.6826,0.5488,80.43
318,0.154484,0.6807,0.5050,80.86
319,0.153735,0.6816,0.4764,80.71
320,0.154867,0.6800,0.4826,81.45
321,0.153622,0.6817,0.5629,81.02
322,0.152870,0.6821,0.4887,81.03
323,0.153753,0.6814,0.5628,81.29
324,0.154209,0.6806,0.5617,82.28
325,0.154398,0.6808,0.5476,80.66
326,0.153362,0.6819,0.5513,81.15
327,0.154735,0.6808,0.5591,81.80
328,0.153437,0.6818,0.5516,80.68
329,0.153778,0.6817,0.5115,80.66
330,0.154055,0.6810,0.5611,81.41
331,0.153603,0.6812,0.5545,81.38
332,0.153436,0.6818,0.3975,80.78
333,0.153503,0.6814,0.5123,80.73
334,0.153559,0.6812,0.5371,80.52
335,0.153183,0.6822,0.5507,80.66
336,0.153280,0.6822,0.5312,80.54
337,0.154000,0.6817,0.5315,80.96
338,0.153483,0.6814,0.5071,80.67
339,0.152957,0.6823,0.5585,81.83
340,0.154527,0.6808,0.5029,81.40
341,0.151976,0.6829,0.5513,80.48
342,0.153655,0.6819,0.5485,80.68
343,0.152191,0.6824,0.5342,81.07
344,0.152252,0.6832,0.4958,81.42
345,0.152702,0.6821,0.5516,81.70
346,0.152649,0.6825,0.5531,81.04
347,0.153497,0.6815,0.5473,80.73
348,0.153855,0.6817,0.5330,80.47
349,0.152699,0.6824,0.5568,81.41
350,0.152258,0.6822,0.5477,81.42
351,0.151788,0.6836,0.4774,81.96
352,0.152888,0.6818,0.5137,80.56
353,0.151934,0.6841,0.5300,81.60
354,0.151488,0.6838,0.5453,81.42
355,0.152065,0.6833,0.4702,81.25
356,0.153514,0.6826,0.4609,80.94
357,0.152993,0.6822,0.5417,80.64
358,0.151939,0.6833,0.5602,82.36
359,0.152603,0.6829,0.5473,81.84
360,0.152038,0.6836,0.5418,80.58
361,0.152576,0.6829,0.5553,80.92
362,0.152005,0.6827,0.5465,80.94
363,0.152163,0.6832,0.5505,81.21
364,0.151378,0.6844,0.5506,81.83
365,0.151417,0.6830,0.5652,81.52
366,0.152560,0.6831,0.4666,82.55
367,0.152541,0.6825,0.4562,81.74
368,0.151228,0.6843,0.5540,80.99
369,0.151204,0.6845,0.5485,80.58
370,0.152205,0.6834,0.4442,81.09
371,0.151264,0.6842,0.5616,80.96
372,0.151410,0.6839,0.4899,81.52
373,0.150218,0.6853,0.5639,80.81
374,0.151296,0.6844,0.5616,81.11
375,0.151491,0.6842,0.4481,80.95
376,0.151530,0.6840,0.4996,80.70
377,0.150667,0.6854,0.4079,80.72
378,0.152196,0.6837,0.5521,81.31
379,0.151634,0.6839,0.5427,81.11
380,0.152652,0.6835,0.5330,80.76
381,0.151584,0.6840,0.5575,80.76
382,0.151923,0.6840,0.5421,80.58
383,0.151589,0.6841,0.5278,81.69
384,0.151860,0.6839,0.5588,81.09
385,0.151485,0.6842,0.5340,81.46
386,0.151562,0.6842,0.4962,80.68
387,0.151029,0.6846,0.5422,82.08
388,0.150501,0.6846,0.5544,81.30
389,0.150711,0.6847,0.4798,82.18
390,0.152450,0.6833,0.4332,82.23
391,0.150913,0.6845,0.4969,81.02
392,0.150130,0.6855,0.5448,81.53
393,0.150354,0.6859,0.5260,81.49
394,0.151933,0.6835,0.5565,81.21
395,0.151487,0.6845,0.5357,80.73
396,0.150732,0.6850,0.5370,80.52
397,0.150982,0.6849,0.5134,81.73
398,0.150477,0.6856,0.5192,81.20
399,0.151974,0.6835,0.4723,81.49
400,0.150978,0.6853,0.4741,81.42
401,0.150160,0.6858,0.5580,81.36
402,0.150115,0.6856,0.5244,80.62
403,0.149734,0.6858,0.5645,81.18
404,0.149959,0.6855,0.4124,80.47
405,0.151117,0.6846,0.4877,81.48
406,0.150392,0.6855,0.5262,81.26
407,0.151572,0.6847,0.5607,81.20
408,0.150408,0.6855,0.5209,82.28
409,0.150696,0.6849,0.5002,82.21
410,0.150492,0.6852,0.5437,82.96
411,0.149892,0.6863,0.4842,80.69
412,0.149340,0.6862,0.5335,81.39
413,0.150400,0.6856,0.5517,80.99
414,0.150596,0.6859,0.4570,81.58
415,0.151160,0.6851,0.5281,82.12
416,0.151120,0.6849,0.5389,81.91
417,0.151200,0.6844,0.4982,81.41
418,0.149594,0.6863,0.5258,81.86
419,0.150978,0.6849,0.5133,81.12
420,0.152086,0.6845,0.5412,80.96
421,0.151633,0.6848,0.4482,81.53
422,0.151254,0.6848,0.5496,81.05
423,0.149544,0.6857,0.5040,81.96
424,0.150776,0.6854,0.4681,81.23
425,0.149148,0.6870,0.5578,80.52
426,0.150352,0.6855,0.4855,81.10
427,0.150061,0.6856,0.4966,82.27
428,0.149725,0.6858,0.5527,81.51
429,0.149454,0.6869,0.5396,80.75
430,0.148830,0.6880,0.5583,81.20
431,0.149774,0.6859,0.5133,82.69
432,0.150080,0.6853,0.5378,82.26
433,0.149250,0.6864,0.5274,80.61
434,0.151165,0.6847,0.5430,81.90
435,0.150210,0.6857,0.4744,81.05
436,0.149681,0.6859,0.5484,81.88
437,0.151244,0.6855,0.5486,80.97
438,0.150144,0.6861,0.4653,83.82
439,0.149912,0.6855,0.4987,81.76
440,0.151038,0.6850,0.4663,81.13
441,0.150201,0.6861,0.5377,81.58
442,0.150177,0.6861,0.5582,81.18
443,0.149503,0.6862,0.5580,81.23
444,0.151842,0.6839,0.4207,81.10
445,0.152107,0.6843,0.5300,80.83
446,0.149566,0.6863,0.5448,80.98
447,0.150712,0.6853,0.4464,81.02
448,0.150086,0.6856,0.5457,82.21
449,0.150709,0.6851,0.5018,80.91
450,0.149844,0.6859,0.5541,81.17
451,0.149310,0.6869,0.5554,82.28
452,0.149971,0.6858,0.5117,81.55
453,0.150901,0.6854,0.5104,81.92
454,0.149641,0.6864,0.5332,81.41
455,0.149139,0.6864,0.4922,80.98
456,0.150772,0.6857,0.5233,80.47
457,0.150094,0.6858,0.5191,80.99
458,0.150119,0.6858,0.5454,81.00
459,0.149279,0.6870,0.4408,81.06
460,0.149279,0.6870,0.5398,80.86
461,0.149032,0.6876,0.4643,81.37
462,0.149460,0.6861,0.5402,81.58
463,0.149633,0.6868,0.5233,80.92
464,0.149957,0.6864,0.5601,80.64
465,0.149967,0.6865,0.5273,81.08
466,0.149559,0.6867,0.5519,81.16
467,0.150585,0.6859,0.5446,81.15
468,0.148981,0.6873,0.4595,81.09
469,0.149250,0.6868,0.3426,81.77
470,0.148300,0.6884,0.4959,81.02
471,0.149368,0.6871,0.5105,80.74
472,0.150255,0.6859,0.5444,80.69
473,0.148770,0.6875,0.5342,80.59
474,0.149630,0.6872,0.5253,80.85
475,0.149022,0.6874,0.5550,80.69
476,0.149891,0.6865,0.4153,80.94
477,0.149116,0.6861,0.5612,81.99
478,0.149723,0.6858,0.4837,81.35
479,0.149348,0.6867,0.5394,81.76
480,0.149099,0.6869,0.5473,82.23
481,0.148888,0.6873,0.5378,81.40
482,0.150178,0.6859,0.5570,81.07
483,0.149223,0.6871,0.5441,81.08
484,0.150492,0.6855,0.5178,81.91
485,0.149112,0.6868,0.5503,81.25
486,0.150542,0.6857,0.4723,81.81
487,0.148474,0.6874,0.5584,80.80
488,0.149314,0.6875,0.5548,81.13
489,0.150750,0.6860,0.5197,80.68
490,0.149374,0.6864,0.4736,81.52
491,0.148587,0.6880,0.4924,80.56
492,0.148490,0.6875,0.4537,82.59
493,0.148958,0.6868,0.5569,81.38
494,0.149580,0.6872,0.4980,81.73
495,0.148936,0.6869,0.4747,81.17
496,0.149393,0.6870,0.5556,81.47
497,0.148525,0.6869,0.5584,80.76
498,0.149790,0.6863,0.5526,81.17
499,0.149312,0.6873,0.5635,80.83
